Alger:		36.724293, 3.153752
Oran:		35.696966, -0.615798
Constine:	36.362752, 6.606578
Sétif:		36.179521, 5.406330
Annaba:		36.902483, 7.759683